CPython 3.14.7; blocking_host; trace callback; 25 samples after 3 warmups; request 5ms after entry
sample	request_to_return_us	reuse_result
0	22863.917	3
1	23763.375	3
2	21790.833	3
3	23759.583	3
4	23755.792	3
5	23839.500	3
6	19791.083	3
7	23748.167	3
8	20012.292	3
9	23750.208	3
10	24148.125	3
11	23766.208	3
12	23759.875	3
13	19612.791	3
14	23980.125	3
15	19569.291	3
16	23837.042	3
17	21729.125	3
18	23761.166	3
19	23761.875	3
20	23806.166	3
21	20209.417	3
22	23241.208	3
23	23807.583	3
24	23761.375	3
