workload	items	run	peak_extra_bytes	live_after_drop_bytes	allocation_calls
local_cells	100	1	30936	0	1922
local_cells	100	2	30936	0	1922
local_cells	100	3	30936	0	1922
call_cells	100	1	39348	0	1831
call_cells	100	2	39348	0	1831
call_cells	100	3	39348	0	1831
escaped_cell	100	1	39708	0	1842
escaped_cell	100	2	39708	0	1842
escaped_cell	100	3	39708	0	1842
cyclic_cells	100	1	255039	0	3119
cyclic_cells	100	2	255039	0	3119
cyclic_cells	100	3	255039	0	3119
local_cells	1000	1	30936	0	19092
local_cells	1000	2	30936	0	19092
local_cells	1000	3	30936	0	19092
call_cells	1000	1	39348	0	18101
call_cells	1000	2	39348	0	18101
call_cells	1000	3	39348	0	18101
escaped_cell	1000	1	39708	0	18112
escaped_cell	1000	2	39708	0	18112
escaped_cell	1000	3	39708	0	18112
cyclic_cells	1000	1	255039	0	30919
cyclic_cells	1000	2	255039	0	30919
cyclic_cells	1000	3	255039	0	30919
local_cells	10000	1	30936	0	190797
local_cells	10000	2	30936	0	190797
local_cells	10000	3	30936	0	190797
call_cells	10000	1	39348	0	180806
call_cells	10000	2	39348	0	180806
call_cells	10000	3	39348	0	180806
escaped_cell	10000	1	39708	0	180817
escaped_cell	10000	2	39708	0	180817
escaped_cell	10000	3	39708	0	180817
cyclic_cells	10000	1	255039	0	309044
cyclic_cells	10000	2	255039	0	309044
cyclic_cells	10000	3	255039	0	309044
