workload	items	run	peak_extra_bytes	live_after_drop_bytes	allocation_calls
local_cells	100	1	31044	0	1923
local_cells	100	2	31044	0	1923
local_cells	100	3	31044	0	1923
call_cells	100	1	36044	0	1832
call_cells	100	2	36044	0	1832
call_cells	100	3	36044	0	1832
escaped_cell	100	1	36176	0	1842
escaped_cell	100	2	36176	0	1842
escaped_cell	100	3	36176	0	1842
cyclic_cells	100	1	67509	0	3099
cyclic_cells	100	2	67509	0	3099
cyclic_cells	100	3	67509	0	3099
local_cells	1000	1	31044	0	19093
local_cells	1000	2	31044	0	19093
local_cells	1000	3	31044	0	19093
call_cells	1000	1	36044	0	18102
call_cells	1000	2	36044	0	18102
call_cells	1000	3	36044	0	18102
escaped_cell	1000	1	36176	0	18112
escaped_cell	1000	2	36176	0	18112
escaped_cell	1000	3	36176	0	18112
cyclic_cells	1000	1	67509	0	30731
cyclic_cells	1000	2	67509	0	30731
cyclic_cells	1000	3	67509	0	30731
local_cells	10000	1	31044	0	190798
local_cells	10000	2	31044	0	190798
local_cells	10000	3	31044	0	190798
call_cells	10000	1	36044	0	180807
call_cells	10000	2	36044	0	180807
call_cells	10000	3	36044	0	180807
escaped_cell	10000	1	36176	0	180817
escaped_cell	10000	2	36176	0	180817
escaped_cell	10000	3	36176	0	180817
cyclic_cells	10000	1	67509	0	307170
cyclic_cells	10000	2	67509	0	307170
cyclic_cells	10000	3	67509	0	307170
