workload	items	run	peak_extra_bytes	live_after_drop_bytes	allocation_calls
local_cells	100	1	30904	0	1916
local_cells	100	2	30904	0	1916
local_cells	100	3	30904	0	1916
call_cells	100	1	39316	0	1825
call_cells	100	2	39316	0	1825
call_cells	100	3	39316	0	1825
escaped_cell	100	1	39676	0	1836
escaped_cell	100	2	39676	0	1836
escaped_cell	100	3	39676	0	1836
cyclic_cells	100	1	614116	0	2740
cyclic_cells	100	2	614116	0	2740
cyclic_cells	100	3	614116	0	2740
local_cells	1000	1	30904	0	19016
local_cells	1000	2	30904	0	19016
local_cells	1000	3	30904	0	19016
call_cells	1000	1	39316	0	18025
call_cells	1000	2	39316	0	18025
call_cells	1000	3	39316	0	18025
escaped_cell	1000	1	39676	0	18036
escaped_cell	1000	2	39676	0	18036
escaped_cell	1000	3	39676	0	18036
cyclic_cells	1000	1	5844404	0	27046
cyclic_cells	1000	2	5844404	0	27046
cyclic_cells	1000	3	5844404	0	27046
local_cells	10000	1	30904	0	190016
local_cells	10000	2	30904	0	190016
local_cells	10000	3	30904	0	190016
call_cells	10000	1	39316	0	180025
call_cells	10000	2	39316	0	180025
call_cells	10000	3	39316	0	180025
escaped_cell	10000	1	39676	0	180036
escaped_cell	10000	2	39676	0	180036
escaped_cell	10000	3	39676	0	180036
