2026-10-01 macOS; inherited MallocNanoZone=0; independent child processes
Runtime SHA256: a3b1ef0f480534b2be6ac930eeeee84861922f592b91f1960a4b068f3090eb23
Source for cache switch: https://github.com/apple-oss-distributions/libmalloc/blob/main/src/malloc.c (read 2026-10-01)

First disabled-cache run:
lazy=false; relief=false; 1000000 items; 18 verified runs
run	blocks_in_use	bytes_in_use	bytes_reserved	bytes_released	resident_bytes	physical_footprint_bytes
0	226	19424	12582912	0	1916928	1130784
1	226	19424	16777216	0	3522560	1294624
2	226	19424	16777216	0	3555328	1327392
3	226	19424	16777216	0	3588096	1360160
4	226	19424	16777216	0	3637248	1409312
5	226	19424	16777216	0	3670016	1442080
6	226	19424	16777216	0	3670016	1442080
7	226	19424	16777216	0	3670016	1442080
8	226	19424	16777216	0	3670016	1442080
9	226	19424	16777216	0	3735552	1507616
10	226	19424	16777216	0	3735552	1507616
11	226	19424	16777216	0	3735552	1507616
12	226	19424	16777216	0	3735552	1507616
13	226	19424	16777216	0	3784704	1556768
14	226	19424	16777216	0	3784704	1556768
15	226	19424	16777216	0	3784704	1556768
16	226	19424	16777216	0	3801088	1573152
17	226	19424	16777216	0	3817472	1589536
18	226	19424	16777216	0	3817472	1589536

Explicit 1/0 control:
MallocLargeCache=1
lazy=false; relief=false; 1000000 items; 18 verified runs
run	blocks_in_use	bytes_in_use	bytes_reserved	bytes_released	resident_bytes	physical_footprint_bytes
0	226	19424	8388608	0	1916928	1130784
1	226	19424	25165824	0	98271232	97452416
2	226	19424	29360128	0	191725568	190972384
3	226	19424	29360128	0	285130752	284426792
4	226	19424	29360128	0	378585088	377930352
5	226	19424	29360128	0	472006656	471401144
6	226	19424	29360128	0	565411840	564855552
7	226	19424	29360128	0	658817024	658309960
8	226	19424	29360128	0	752222208	751764368
9	226	19424	29360128	0	845692928	845300720
10	226	19424	29360128	0	939098112	938771536
11	226	19424	29360128	0	1032503296	1032225944
12	226	19424	29360128	0	1125924864	1125696736
13	226	19424	29360128	0	1219346432	1219167528
14	226	19424	29360128	0	1312784384	1312654704
15	226	19424	29360128	0	1406205952	1406125496
16	226	19424	29360128	0	1499611136	1499579904
17	226	19424	29360128	0	1593016320	1593034312
18	226	19424	29360128	0	1686421504	1686505128
MallocLargeCache=0
lazy=false; relief=false; 1000000 items; 18 verified runs
run	blocks_in_use	bytes_in_use	bytes_reserved	bytes_released	resident_bytes	physical_footprint_bytes
0	226	19424	8388608	0	1900544	1114400
1	226	19424	16777216	0	3522560	1294624
2	226	19424	16777216	0	3555328	1327392
3	226	19424	16777216	0	3588096	1360160
4	226	19424	16777216	0	3620864	1392928
5	226	19424	16777216	0	3637248	1409312
6	226	19424	16777216	0	3637248	1409312
7	226	19424	16777216	0	3637248	1409312
8	226	19424	16777216	0	3653632	1425696
9	226	19424	16777216	0	3702784	1474848
10	226	19424	16777216	0	3719168	1491232
11	226	19424	16777216	0	3719168	1491232
12	226	19424	16777216	0	3719168	1491232
13	226	19424	16777216	0	3751936	1524000
14	226	19424	16777216	0	3768320	1540384
15	226	19424	16777216	0	3768320	1540384
16	226	19424	16777216	0	3768320	1540384
17	226	19424	16777216	0	3784704	1556768
18	226	19424	16777216	0	3784704	1556768
